model_summary:
    model_type: sklearn Random Forest Regressor
  outputs:
      [0]: Latitude
      [1]: Longitude
      [2]: Address
    n_estimators: 100
    max_depth: 20
    test_samples: 2000
metrics_by_output:
  Latitude:
      R2: 0.094102
      MAE: 0.015748
      RMSE: 0.020513
      MAPE: 0.046836
  Longitude:
      R2: 0.129969
      MAE: 0.012411
      RMSE: 0.014690
      MAPE: 0.010554
  Address:
      R2: 0.055071
      MAE: 124.936834
      RMSE: 154.030196
      MAPE: 318.289687
geographic_error:
    mean_spatial_euclidean: 0.021346
    std_spatial_euclidean: 0.013452
    max_spatial_euclidean: 0.069051
address_error:
    mean_absolute_error: 124.936834
    std_absolute_error: 90.089339
    max_absolute_error: 437.512262
top_10_features:
    AutoWork: 0.054384
    HuntingShooting: 0.049365
    HomeImprovementDIY: 0.049288
    HomeImprovement: 0.045516
    CatOwner: 0.043623
    EducationOnline: 0.043096
    Photography: 0.042888
    CampingHiking: 0.042739
    MaritalStatus: 0.041668
    SelfImprovement: 0.040127
